,timestamp,leftX,leftY,rightX,rightY
0,445510.797522478,0.32187068462371826,0.4778175055980682,0.3437854945659637,0.4518176913261414
1,445510.809016575,0.32187068462371826,0.4778175055980682,0.3432392477989197,0.4515217244625092
2,445510.82019669603,0.326339989900589,0.480143278837204,0.3429344594478607,0.4496806263923645
3,445510.830637228,0.32254165410995483,0.4828441739082336,0.34303149580955505,0.4446167051792145
4,445510.840893124,0.32254165410995483,0.4828441739082336,0.3469957709312439,0.4420419037342072
5,445510.853333789,0.32134464383125305,0.4882256388664246,0.34632691740989685,0.440403938293457
6,445510.86357779,0.3230651319026947,0.4873968064785004,0.3445561230182648,0.4413405656814575
7,445510.87424587796,0.3230651319026947,0.4873968064785004,0.33980002999305725,0.4455920159816742
8,445510.88666836603,0.31850409507751465,0.4853457808494568,0.3388686180114746,0.4521937668323517
9,445510.897136987,0.31608957052230835,0.4856563806533814,0.3386039733886719,0.4555700719356537
10,445510.908732286,0.31608957052230835,0.4856563806533814,0.3427262902259827,0.4504765272140503
11,445510.91991646204,0.3192768394947052,0.4910158514976502,0.34512776136398315,0.4456104338169098
12,445510.930814262,0.321247935295105,0.4944013059139252,0.3467548191547394,0.4451335668563843
13,445510.940930844,0.321247935295105,0.4944013059139252,0.34195050597190857,0.4500217735767365
14,445510.95324804,0.3199761211872101,0.4841329753398895,0.3403434455394745,0.4576388299465179
15,445510.963822743,0.32023361325263977,0.4851711988449097,0.3396851718425751,0.4584154188632965
16,445510.974180186,0.32023361325263977,0.4851711988449097,0.34398776292800903,0.4548536241054535
17,445510.98652491,0.3189566433429718,0.4918085932731629,0.3460942804813385,0.4425835013389587
18,445510.99705385,0.30322182178497314,0.4822230637073517,0.3368017673492432,0.4499474167823792
19,445511.00879615603,0.30322182178497314,0.4822230637073517,0.3295760750770569,0.44621217250823975
20,445511.01984747796,0.2974694967269897,0.4801865518093109,0.32310739159584045,0.4479917287826538
21,445511.030442856,0.30340731143951416,0.483907163143158,0.32220983505249023,0.4468495845794678
22,445511.040952543,0.30340731143951416,0.483907163143158,0.32017314434051514,0.4422765076160431
23,445511.053176956,0.30160030722618103,0.4729346036911011,0.3217313289642334,0.44417762756347656
24,445511.06376139104,0.3014156222343445,0.4729368388652802,0.3223915994167328,0.44399529695510864
25,445511.0741139,0.3014156222343445,0.4729368388652802,0.32135316729545593,0.44772008061409
26,445511.086059497,0.3027714788913727,0.4634365141391754,0.3196453154087067,0.4464885294437408
27,445511.09695454396,0.3011965155601501,0.4607133865356445,0.31901809573173523,0.4474512040615082
28,445511.10858621297,0.3011965155601501,0.4607133865356445,0.3191952109336853,0.443849503993988
29,445511.119610906,0.2928575873374939,0.4773992002010346,0.3174017667770386,0.4415826499462128
30,445511.13025150896,0.2932378351688385,0.4810879528522492,0.31807470321655273,0.44151410460472107
31,445511.141107834,0.2932378351688385,0.4810879528522492,0.323051780462265,0.4481681287288666
32,445511.1534472,0.29971739649772644,0.4897968769073486,0.3241737186908722,0.4558981657028198
33,445511.16386207397,0.3013105392456055,0.4833315014839173,0.32512593269348145,0.4513428509235382
34,445511.174163693,0.3013105392456055,0.4833315014839173,0.3210619986057281,0.4563469886779785
35,445511.18645086896,0.3047240972518921,0.4713799953460693,0.31946900486946106,0.4519821107387543
36,445511.196105365,0.2865540385246277,0.5176271796226501,0.3171542584896088,0.4572834670543671
37,445511.20654023206,0.2865540385246277,0.5176271796226501,0.3203086853027344,0.43800920248031616
38,445511.21765034,0.23404213786125186,0.6454352140426636,0.23404213786125186,0.6454352140426636
46,445511.33107258,0.18111400306224826,0.7258014678955078,0.18111400306224826,0.7258014678955078
47,445511.342090968,0.18111400306224826,0.7258014678955078,0.18111400306224826,0.7258014678955078
48,445511.35363656,0.2262334227561951,0.5341131091117859,0.2262334227561951,0.5341131091117859
49,445511.36321854,0.24714796245098114,0.4452584385871887,0.24714796245098114,0.4452584385871887
50,445511.375248805,0.24714796245098114,0.4452584385871887,0.2959053218364716,0.4720024764537811
51,445511.386962627,0.27698779106140137,0.4497456848621368,0.29395100474357605,0.4643895030021668
52,445511.396898654,0.27698779106140137,0.4497456848621368,0.2950327694416046,0.4595564901828766
53,445511.43176617,0.27698779106140137,0.4497456848621368,0.29466360807418823,0.454126238822937
54,445511.444123057,0.2879121899604797,0.4519223868846893,0.2962891161441803,0.4480210542678833
55,445511.454234534,0.27129149436950684,0.4691293835639954,0.29458099603652954,0.4433990120887756
56,445511.465135045,0.27129149436950684,0.4691293835639954,0.29400166869163513,0.4493761658668518
57,445511.477127445,0.2681975066661835,0.4710436165332794,0.2932491898536682,0.4532346427440643
58,445511.487702065,0.2694928050041199,0.4831542074680328,0.29324331879615784,0.4459184408187866
59,445511.498344646,0.2694928050041199,0.4831542074680328,0.29309991002082825,0.44825634360313416
60,445511.510395947,0.2678808867931366,0.4797671139240265,0.2932148277759552,0.4459543526172638
61,445511.52095780795,0.2718629539012909,0.4756625592708588,0.2958221733570099,0.4516254961490631
62,445511.531709953,0.2718629539012909,0.4756625592708588,0.2996701300144196,0.4482390880584717
63,445511.54328061396,0.27859020233154297,0.47975093126297,0.3007729947566986,0.4466994106769562
64,445511.554295991,0.27309373021125793,0.4842984676361084,0.2988101840019226,0.45108908414840704
65,445511.565011685,0.27309373021125793,0.4842984676361084,0.2952675819396973,0.4490252435207367
66,445511.576523951,0.2680777013301849,0.46907693147659296,0.2974992096424103,0.4473755955696106
67,445511.587566208,0.2660665512084961,0.4681891798973084,0.29617834091186523,0.4510259926319122
68,445511.59818090795,0.2660665512084961,0.4681891798973084,0.28588956594467163,0.4556145370006561
69,445511.610257217,0.2446703016757965,0.4746851027011871,0.27451491355896,0.4614094495773315
70,445511.621127736,0.2375733405351639,0.4797090888023377,0.26754176616668696,0.4671493172645569
71,445511.631498767,0.2375733405351639,0.4797090888023377,0.2681593894958496,0.4665860831737518
72,445511.64365969703,0.24242250621318814,0.4923235774040222,0.2693876028060913,0.4679580330848694
73,445511.654207091,0.2413753867149353,0.4909869432449341,0.2692796289920807,0.4636524617671967
74,445511.66486762295,0.2413753867149353,0.4909869432449341,0.27078622579574585,0.4653480350971222
75,445511.67684797,0.2400881797075272,0.4941404759883881,0.2670207619667053,0.4652420580387116
76,445511.687537113,0.2407781779766083,0.4907769560813904,0.2658574879169464,0.4603055417537689
77,445511.698352564,0.2407781779766083,0.4907769560813904,0.26816850900650024,0.4612335860729218
78,445511.710349394,0.2463477998971939,0.4816481173038482,0.2680383920669556,0.4659947454929352
79,445511.72079949896,0.2479924708604813,0.4858403205871582,0.26712971925735474,0.4712413251399994
80,445511.731671954,0.2479924708604813,0.4858403205871582,0.2674340605735779,0.4699835479259491
81,445511.743801816,0.24393948912620544,0.4981631338596344,0.2668318748474121,0.4676308333873749
82,445511.75400973205,0.2425118237733841,0.4962489604949951,0.2663204371929169,0.4658596813678742
83,445511.76473854796,0.2425118237733841,0.4962489604949951,0.26671138405799866,0.4637706875801086
84,445511.777078777,0.23898741602897644,0.4806683361530304,0.2666481733322144,0.4585788547992706
85,445511.787246543,0.24024441838264465,0.4785912334918976,0.2645752429962158,0.4599064290523529
86,445511.798144072,0.24024441838264465,0.4785912334918976,0.26423531770706177,0.4612428843975067
87,445511.81041974796,0.2436392456293106,0.4741691648960114,0.26311808824539185,0.4602011442184448
88,445511.82074786705,0.2428614944219589,0.4695803225040436,0.2643691301345825,0.4610331356525421
89,445511.93113861204,0.2428614944219589,0.4695803225040436,0.2642471194267273,0.4618284404277802
90,445511.93124179204,0.2451209276914597,0.4693820476531982,0.2651541829109192,0.4613214135169983
91,445511.93129410397,0.2441176325082779,0.4691215455532074,0.2641407251358032,0.4596775472164154
92,445511.931341319,0.2441176325082779,0.4691215455532074,0.26386559009551996,0.4558379352092743
93,445511.931443141,0.2403373122215271,0.4828884601593018,0.2614909410476685,0.4677621722221375
94,445511.93150313897,0.2407291680574417,0.4862836003303528,0.26378995180130005,0.4716439843177795
95,445511.931550023,0.2407291680574417,0.4862836003303528,0.2617663145065308,0.4766111969947815
96,445511.931595984,0.2449096292257309,0.4803078472614288,0.2689200341701508,0.4729409217834473
97,445511.93168522295,0.27090546488761896,0.481478750705719,0.29250621795654297,0.4759206771850586
98,445511.931730398,0.27090546488761896,0.481478750705719,0.3216501176357269,0.4779909551143646
99,445511.943137372,0.32563748955726624,0.4920050501823425,0.3557955026626587,0.482616126537323
